4
7
8
9
11
12
13
15
23
28
33
35
36
39
40
41
46
48
60
61
62
67
69
70
72
73
79
84
90
91
94
95
96
97
98
99
100
105
106
107
111
112
114
116
121
125
131
133
141
142
144
147
148
149
150
154
162
164
166
171
172
174
181
183
186
189
190
191
192
195
197
198
200
208
210
211
214
219
220
222
223
230
235
242
245
251
254
255
260
261
262
265
268
269
276
281
283
284
287
293
295
304
310
312
315
316
318
328
330
333
335
338
339
341
342
348
352
356
359
360
370
371
376
378
381
383
393
398
404
405
413
424
430
436
438
443
452
454
456
464
472
473
476
477
482
484
486
488
495
498
499
504
505
507
511
514
521
524
526
533
536
539
540
542
543
545
546
548
553
565
566
567
571
572
574
576
578
580
583
584
586
588
589
590
594
602
603
605
607
608
612
614
618
619
622
630
634
636
639
640
644
651
652
654
658
659
666
674
675
681
682
686
687
690
693
699
702
710
711
716
717
720
724
725
730
731
732
735
736
738
747
759
760
763
767
771
774
783
785
787
789
790
794
795
797
800
801
805
807
817
821
822
823
826
830
837
842
846
847
850
853
855
863
875
877
883
884
885
887
900
903
906
907
908
909
913
920
921
926
929
930
934
935
937
938
950
955
957
959
960
964
966
967
971
977
981
985
987
988
991
993
1000
1017
1018
1021
1022
1026
1029
1032
1035
1039
1045
1046
1048
1054
1060
1063
1069
1071
1075
1076
1079
1081
1085
1086
1095
1100
1101
1106
1108
1110
1115
1116
1126
1127
1128
1130
1132
1134
1140
1143
1144
1145
1147
1148
1150
1158
1162
1163
1165
1168
1169
1175
1178
1180
1183
1187
1190
1194
1196
1198
1212
1213
1234
1236
1237
1238
1240
1241
1256
1257
1258
1259
1265
1266
1278
1282
1289
1295
1297
1304
1311
1317
1319
1326
1330
1334
1335
1336
1338
1340
1343
1350
1352
1353
1358
1374
1376
1378
1379
1388
1391
1411
1415
1416
1418
1419
1420
1424
1427
1428
1430
1431
1432
1434
1436
1437
1442
1444
1451
1454
1459
1460
1463
1466
1467
1469
1474
1478
1481
1482
1488
1499
1500
1503
1508
1517
1522
1525
1533
1535
1536
1538
1542
1544
1549
1551
1552
1554
1555
1556
1560
1564
1570
1571
1572
1583
1586
1587
1588
1591
1594
1595
1596
1603
1614
1620
1631
1632
1641
1642
1644
1645
1647
1650
1653
1655
1657
1658
1661
1663
1675
1676
1683
1684
1685
1686
1688
1696
1697
1703
1712
1713
1714
1717
1718
1720
1723
1726
1727
1729
1737
1738
1742
1743
1744
1745
1747
1751
1754
1764
1766
1776
1779
1780
1783
1784
1785
1787
1789
1792
1793
1796
1800
1802
1804
1810
1817
1818
1824
1825
1826
1829
1831
1837
1838
1840
1841
1843
1847
1851
1853
1855
1856
1859
1861
1862
1863
1866
1867
1869
1870
1871
1874
1878
1880
1881
1883
1884
1888
1891
1894
1896
1898
1901
1905
1910
1911
1914
1917
1918
1921
1924
1926
1933
1934
1935
1937
1939
1944
1951
1955
1956
1962
1963
1965
1966
1968
1971
1976
1980
1981
1983
1991
1999
2006
2007
2012
2013
2016
2017
2018
2020
2024
2028
2029
2031
2037
2044
2048
2051
2052
2053
2054
2055
2057
2058
2060
2063
2067
2068
2073
2074
2075
2078
2079
2091
2093
2094
2095
2096
2098
2100
2104
2109
2111
2116
2117
2125
2126
2127
2131
2132
2134
2137
2143
2149
2152
2160
2162
2165
2168
2173
2174
2178
2180
2181
2185
2188
2194
2197
2199
2205
2210
2212
2213
2215
2222
2223
2229
2230
2232
2233
2238
2241
2244
2254
2257
2258
2259
2260
2263
2266
2270
2273
2274
2280
2281
2287
2294
2295
2298
2299
2302
2303
2304
2308
2310
2316
2321
2325
2326
2332
2333
2338
2340
2347
2350
2351
2354
2355
2357
2359
2360
2364
2369
2372
2373
2374
2377
2378
2379
2381
2385
2390
2391
2393
2395
2397
2401
2402
2403
2405
2406
2413
2418
2423
2428
2435
2441
2442
2443
2446
2450
2456
2457
2458
2461
2462
2463
2465
2469
2471
2472
2474
2475
2493
2502
2503
2505
2507
2509
2515
2525
2526
2532
2534
2542
2547
2565
2567
2573
2575
2578
2581
2585
2586
2588
2589
2594
2596
2600
2605
2613
2617
2620
2628
2629
2633
2636
2637
2643
2647
2649
2653
2658
2659
2661
2662
2666
2669
2674
2675
2676
2679
2682
2684
2685
2688
2689
2696
2699
2701
2704
2705
2708
2715
2720
2721
2723
2724
2729
2730
2732
2742
2745
2746
2751
2755
2756
2757
2758
2761
2764
2767
2768
2769
2772
2776
2781
2791
2803
2804
2805
2806
2810
2811
2819
2821
2826
2842
2843
2851
2854
2860
2862
2865
2869
2877
2881
2882
2885
2893
2894
2895
2897
2898
2901
2902
2903
2905
2910
2914
2921
2924
2933
2935
2942
2948
2949
2956
2962
2964
2966
2968
2971
2973
2981
2983
2985
2987
2992
2996
3001
3004
3005
3006
3011
3018
3021
3027
3028
3030
3033
3035
3037
3040
3044
3050
3053
3054
3055
3056
3057
3068
3069
3071
3072
3073
3076
3078
3081
3083
3088
3090
3091
3093
3096
3099
3102
3103
3104
3105
3113
3115
3122
3123
3127
3129
3130
3131
3145
3146
3154
3157
3158
3165
3169
3170
3171
3173
3177
3181
3182
3185
3186
3187
3190
3193
3196
3198
3200
3205
3206
3207
3209
3210
3211
3212
3214
3215
3220
3224
3225
3228
3229
3245
3246
3249
3250
3254
3258
3261
3264
3270
3272
3273
3274
3277
3278
3279
3282
3285
3290
3291
3292
3294
3295
3296
3301
3311
3312
3316
3317
3323
3325
3326
3328
3330
3331
3332
3333
3345
3346
3349
3361
3369
3370
3374
3375
3377
3397
3402
3404
3408
3412
3418
3427
3428
3431
3434
3440
3442
3447
3448
3449
3450
3451
3453
3454
3462
3464
3467
3471
3478
3480
3485
3487
3489
3495
3497
3500
3502
3503
3505
3506
3516
3517
3519
3520
3523
3525
3530
3532
3535
3541
3543
3547
3551
3557
3558
3562
3563
3573
3581
3584
3594
3599
3605
3606
3615
3616
3625
3633
3634
3637
3641
3645
3646
3647
3653
3654
3658
3663
3664
3665
3677
3679
3680
3688
3690
3696
3698
3699
3700
3701
3703
3704
3715
3716
3718
3721
3724
3728
3730
3738
3740
3742
3754
3771
3772
3774
3777
3779
3780
3782
3783
3793
3795
3805
3806
3810
3813
3819
3829
3831
3832
3836
3840
3843
3844
3848
3851
3858
3861
3862
3865
3871
3873
3874
3877
3878
3880
3882
3884
3889
3891
3899
3901
3907
3909
3910
3913
3920
3922
3923
3925
3926
3934
3935
3939
3941
3942
3943
3944
3946
3950
3951
3959
3960
3961
3967
3971
3979
3982
3983
3987
3991
3993
3997
3998
4000
4003
4005
4007
4011
4013
4018
4024
4025
4026
4027
4030
4037
4046
4047
4050
4052
4053
4058
4059
4060
4061
4066
4068
4069
4071
4075
4078
4081
4087
4096
4098
4099
4101
4109
4110
4111
4119
4120
4121
4128
4129
4134
4139
4141
4142
4147
4150
4153
4157
4158
4160
4177
4178
4182
4183
4188
4189
4196
4197
4205
4207
4209
4210
4215
4219
4222
4224
4225
4228
4229
4231
4233
4235
4240
4241
4242
4244
4248
4249
4250
4254
4258
4271
4273
4276
4283
4290
4296
4299
4303
4305
4306
4308
4309
4310
4315
4317
4319
4321
4325
4326
4330
4332
4336
4337
4346
4352
4354
4364
4367
4372
4373
4375
4376
4378
4381
4382
4383
4388
4392
4393
4400
4402
4405
4406
4410
4411
4414
4415
4416
4420
4423
4426
4428
4434
4439
4441
4445
4447
4454
4455
4456
4459
4463
4464
4469
4472
4483
4484
4492
4496
4497
4500
4501
4502
4503
4519
4523
4525
4528
4529
4530
4531
4536
4538
4542
4544
4547
4550
4558
4559
4567
4572
4576
4578
4584
4588
4591
4595
4600
4604
4610
4612
4613
4615
4618
4622
4625
4627
4632
4636
4637
4638
4642
4644
4647
4648
4652
4659
4665
4669
4675
4684
4687
4692
4694
4698
4700
4702
4713
4718
4719
4720
4727
4730
4733
4735
4736
4739
4740
4741
4742
4743
4748
4752
4753
4754
4758
4765
4768
4770
4775
4778
4785
4788
4792
4796
4797
4803
4805
4806
4812
4815
4817
4819
4820
4826
4827
4830
4831
4844
4850
4853
4854
4856
4858
4860
4864
4866
4867
4868
4872
4874
4877
4884
4885
4889
4900
4902
4906
4907
4910
4911
4912
4920
4925
4926
4927
4940
4946
4948
4950
4952
4953
4954
4955
4957
4958
4959
4961
4969
4976
4977
4979
4983
4987
4989
4990
4991
4992
4994
4997
4998
5003
5012
5019
5023
5024
5030
5034
5036
5038
5040
5044
5045
5056
5062
5064
5066
5068
5078
5079
5080
5083
5091
5092
5097
5102
5106
5109
5119
5121
5123
5124
5125
5126
5130
5132
5134
5138
5143
5145
5147
5151
5154
5155
5158
5159
5160
5162
5165
5169
5176
5185
5192
5198
5206
5209
5210
5212
5218
5219
5223
5229
5231
5232
5237
5239
5248
5254
5257
5258
5260
5263
5269
5272
5273
5274
5278
5279
5283
5289
5294
5295
5299
5301
5305
5308
5311
5312
5314
5315
5317
5324
5326
5328
5329
5335
5336
5338
5340
5342
5346
5347
5350
5359
5362
5365
5369
5370
5376
5377
5380
5382
5384
5388
5393
5395
5399
5402
5405
5416
5418
5419
5423
5438
5439
5440
5446
5451
5453
5455
5457
5461
5472
5474
5475
5480
5490
5491
5497
5500
5502
5504
5507
5509
5512
5513
5518
5524
5525
5531
5532
5535
5536
5538
5539
5540
5544
5547
5552
5553
5554
5558
5566
5577
5578
5581
5582
5587
5590
5591
5595
5596
5598
5601
5605
5607
5608
5611
5612
5614
5616
5617
5621
5623
5625
5631
5632
5635
5639
5643
5646
5651
5653
5654
5657
5662
5663
5670
5671
5676
5678
5679
5681
5690
5693
5695
5696
5697
5702
5703
5705
5711
5716
5721
5723
5735
5739
5741
5746
5747
5748
5750
5751
5753
5756
5759
5760
5762
5764
5765
5767
5772
5777
5781
5782
5784
5786
5799
5803
5805
5807
5809
5813
5815
5822
5828
5831
5833
5842
5844
5846
5850
5856
5858
5860
5862
5864
5865
5868
5871
5874
5875
5881
5890
5894
5896
5911
5912
5913
5916
5921
5922
5926
5930
5931
5936
5938
5939
5941
5944
5952
5955
5960
5963
5970
5971
5972
5978
5979
5981
5982
5984
5986
5992
5994
5995
6001
6002
6010
6011
6014
6017
6021
6024
6025
6031
6033
6037
6038
6039
6041
6043
6044
6047
6051
6053
6054
6058
6059
6061
6064
6065
6066
6071
6072
6076
6082
6089
6095
6100
6105
6106
6108
6110
6111
6113
6114
6115
6121
6126
6127
6130
6133
6136
6138
6140
6145
6147
6148
6153
6155
6156
6162
6169
6170
6171
6174
6176
6177
6179
6181
6188
6191
6196
6202
6207
6213
6214
6217
6219
6220
6224
6225
6227
6228
6232
6235
6240
6243
6246
6247
6258
6259
6262
6268
6272
6279
6281
6284
6288
6291
6296
6298
6299
6301
6311
6312
6313
6316
6321
6324
6327
6328
6332
6335
6336
6337
6342
6344
6345
6346
6352
6353
6359
6360
6363
6366
6367
6368
6369
6370
6371
6373
6375
6377
6390
6391
6392
6395
6396
6397
6402
6403
6412
6413
6415
6418
6426
6428
6431
6432
6434
6440
6444
6445
6449
6453
6460
6463
6469
6472
6476
6478
6488
6489
6504
6507
6510
6513
6515
6525
6527
6528
6534
6535
6540
6541
6542
6544
6548
6549
6560
6564
6569
6573
6576
6577
6581
6586
6587
6588
6590
6591
6594
6595
6598
6600
6601
6603
6606
6610
6613
6620
6628
6636
6638
6640
6642
6645
6648
6657
6662
6665
6673
6685
6686
6692
6696
6700
6709
6712
6716
6717
6718
6719
6721
6722
6723
6724
6725
6726
6727
6730
6733
6735
6744
6747
6748
6750
6751
6758
6760
6762
6763
6764
6767
6774
6775
6777
6788
6790
6791
6793
6797
6800
6803
6806
6813
6817
6821
6827
6830
6835
6836
6838
6841
6843
6852
6853
6859
6865
6870
6880
6882
6887
6892
6898
6899
6900
6906
6908
6909
6912
6913
6924
6930
6937
6939
6945
6946
6949
6952
6953
6954
6955
6956
6959
6961
6963
6966
6969
6972
6979
6981
6988
6989
6996
7002
7006
7011
7012
7022
7023
7027
7028
7029
7030
7031
7036
7037
7043
7045
7048
7049
7050
7054
7055
7056
7059
7060
7065
7071
7074
7075
7078
7084
7089
7093
7095
7099
7103
7108
7111
7114
7122
7127
7134
7137
7142
7145
7150
7151
7152
7153
7160
7161
7165
7167
7170
7171
7178
7183
7185
7186
7187
7189
7190
7194
7200
7202
7208
7212
7214
7215
7216
7217
7228
7229
7236
7241
7242
7245
7250
7252
7255
7259
7264
7267
7269
7273
7277
7280
7282
7288
7290
7291
7296
7297
7300
7302
7307
7311
7313
7317
7327
7328
7334
7335
7342
7346
7349
7363
7365
7368
7369
7378
7379
7380
7382
7384
7389
7393
7394
7397
7402
7404
7405
7412
7415
7419
7420
7423
7427
7436
7437
7443
7446
7451
7453
7458
7465
7467
7475
7482
7483
7485
7491
7508
7509
7510
7512
7522
7525
7529
7538
7540
7546
7549
7550
7553
7565
7566
7569
7575
7577
7578
7582
7587
7593
7601
7607
7609
7613
7616
7622
7623
7629
7634
7635
7637
7638
7641
7644
7647
7651
7654
7661
7663
7665
7672
7675
7676
7678
7679
7681
7684
7685
7688
7692
7694
7696
7697
7703
7704
7706
7709
7718
7720
7721
7725
7727
7730
7732
7733
7739
7742
7747
7749
7752
7754
7760
7761
7762
7769
7772
7774
7778
7782
7784
7789
7793
7798
7799
7802
7804
7805
7808
7810
7812
7813
7816
7819
7824
7828
7831
7836
7843
7845
7846
7848
7850
7851
7854
7855
7857
7863
7864
7866
7876
7883
7886
7890
7891
7895
7896
7899
7905
7906
7907
7910
7911
7917
7919
7921
7922
7924
7928
7929
7934
7936
7938
7940
7942
7949
7951
7952
7959
7968
7973
7976
7978
7979
7986
7987
7990
7991
7992
7993
7994
7999
8000
8006
8008
8009
8015
8019
8021
8022
8024
8031
8032
8034
8038
8046
8047
8051
8053
8054
8056
8057
8058
8059
8060
8070
8074
8077
8085
8086
8090
8093
8099
8103
8106
8108
8113
8114
8118
8119
8120
8123
8124
8126
8128
8129
8133
8140
8142
8145
8146
8149
8153
8157
8159
8161
8164
8165
8168
8173
8175
8176
8181
8186
8191
8194
8201
8203
8206
8209
8211
8212
8217
8221
8222
8226
8229
8233
8234
8236
8237
8239
8241
8242
8247
8250
8257
8261
8263
8264
8267
8268
8269
8270
8272
8279
8281
8282
8284
8299
8301
8306
8313
8321
8323
8325
8326
8331
8336
8340
8341
8343
8344
8346
8351
8354
8364
8366
8367
8369
8381
8383
8387
8388
8389
8394
8404
8406
8409
8410
8411
8418
8428
8429
8431
8436
8440
8441
8442
8446
8447
8457
8459
8466
8475
8476
8477
8479
8482
8486
8489
8494
8498
8500
8507
8511
8515
8522
8523
8525
8526
8529
8530
8534
8538
8539
8540
8544
8545
8550
8551
8552
8558
8563
8564
8567
8569
8571
8573
8574
8575
8577
8581
8582
8584
8587
8591
8595
8596
8598
8602
8605
8610
8617
8619
8620
8625
8628
8630
8633
8634
8642
8646
8650
8655
8658
8660
8661
8662
8664
8665
8668
8671
8672
8678
8679
8687
8693
8697
8699
8702
8703
8706
8710
8714
8715
8716
8719
8723
8724
8726
8727
8730
8733
8737
8744
8747
8751
8753
8761
8762
8763
8765
8766
8771
8781
8783
8785
8786
8791
8801
8819
8820
8822
8830
8834
8837
8838
8839
8842
8843
8849
8858
8859
8860
8862
8867
8870
8874
8879
8880
8883
8885
8887
8889
8893
8895
8896
8900
8904
8908
8911
8912
8921
8925
8926
8933
8943
8947
8948
8950
8955
8957
8959
8970
8971
8975
8977
8979
8980
8983
8985
8987
8994
8997
9004
9005
9007
9008
9009
9011
9012
9024
9026
9030
9032
9034
9037
9038
9039
9041
9046
9048
9049
9050
9066
9068
9071
9075
9076
9077
9078
9079
9080
9083
9087
9094
9099
9105
9112
9116
9118
9121
9123
9127
9131
9132
9133
9145
9155
9157
9171
9172
9174
9175
9177
9178
9179
9180
9181
9182
9186
9189
9190
9193
9198
9201
9203
9206
9207
9208
9209
9213
9217
9219
9220
9221
9222
9224
9225
9229
9232
9233
9234
9235
9238
9243
9246
9253
9254
9257
9258
9259
9260
9263
9271
9275
9276
9277
9278
9282
9284
9286
9292
9296
9300
9301
9303
9304
9305
9309
9312
9317
9318
9319
9320
9325
9335
9338
9341
9345
9346
9357
9358
9364
9365
9366
9370
9386
9391
9401
9402
9404
9409
9411
9412
9413
9417
9421
9430
9432
9433
9436
9454
9461
9462
9467
9468
9472
9473
9474
9483
9486
9496
9498
9502
9504
9505
9507
9509
9513
9517
9522
9528
9531
9532
9537
9538
9539
9542
9543
9544
9546
9549
9550
9557
9558
9559
9561
9564
9573
9575
9576
9580
9581
9583
9585
9587
9597
9599
9600
9603
9604
9606
9607
9615
9618
9620
9621
9622
9625
9626
9628
9629
9630
9633
9635
9636
9639
9642
9643
9647
9648
9652
9653
9658
9663
9671
9673
9679
9682
9684
9689
9692
9694
9703
9707
9709
9710
9716
9719
9726
9728
9734
9741
9742
9748
9754
9758
9759
9762
9763
9770
9772
9776
9777
9778
9789
9791
9795
9797
9800
9801
9802
9807
9816
9822
9826
9828
9830
9831
9832
9835
9841
9844
9845
9850
9853
9854
9860
9864
9870
9873
9874
9875
9878
9885
9891
9892
9894
9895
9899
9900
9904
9907
9911
9915
9917
9920
9923
9925
9930
9934
9939
9940
9941
9942
9944
9945
9947
9949
9954
9958
9959
9962
9967
9969
9972
9976
9979
9983
9985
9988
9992
9993
9996
9997
10000
